Original matrix:
1.0000 3.0000 1.0000 3.0000 
4.0000 -2.0000 -3.0000 1.0000 
2.0000 1.0000 -1.0000 -1.0000 
1.0000 2.0000 -1.0000 -2.0000 

The Adjoint matrix is:
-1.0000 -6.0000 43.0000 -26.0000 
6.0000 1.0000 -13.0000 16.0000 
-3.0000 -18.0000 59.0000 -43.0000 
7.0000 7.0000 -21.0000 7.0000 

The Determinant is = 35.0000

The Inverse matrix is:
-0.0286 -0.1714 1.2286 -0.7429 
0.1714 0.0286 -0.3714 0.4571 
-0.0857 -0.5143 1.6857 -1.2286 
0.2000 0.2000 -0.6000 0.2000 

The values of the variables are:
5.0000
1.0000
0.0000
2.0000
